+---------------------------------------------------------------------------------------------------------------------------------------------------------------------------------------------------------------------------------------+
; Legal Partition Candidates                                                                                                                                                                                                            ;
+----------------------------------+-------+----------------+--------------+----------------+--------+-----------------+---------------+-----------------+-------+----------------+--------------+------------------+-------------------+
; Hierarchy                        ; Input ; Constant Input ; Unused Input ; Floating Input ; Output ; Constant Output ; Unused Output ; Floating Output ; Bidir ; Constant Bidir ; Unused Bidir ; Input only Bidir ; Output only Bidir ;
+----------------------------------+-------+----------------+--------------+----------------+--------+-----------------+---------------+-----------------+-------+----------------+--------------+------------------+-------------------+
; Crash_Control_Blk                ; 4     ; 0              ; 1            ; 0              ; 1      ; 0               ; 0             ; 0               ; 0     ; 0              ; 0            ; 0                ; 0                 ;
; u4                               ; 41    ; 18             ; 0            ; 18             ; 25     ; 18              ; 18            ; 18              ; 0     ; 0              ; 0            ; 0                ; 0                 ;
; Column3_Golden_Generator|Car4    ; 41    ; 24             ; 0            ; 24             ; 25     ; 24              ; 24            ; 24              ; 0     ; 0              ; 0            ; 0                ; 0                 ;
; Column3_Golden_Generator|Car3    ; 41    ; 24             ; 0            ; 24             ; 25     ; 24              ; 24            ; 24              ; 0     ; 0              ; 0            ; 0                ; 0                 ;
; Column3_Golden_Generator|Car2    ; 41    ; 24             ; 0            ; 24             ; 25     ; 24              ; 24            ; 24              ; 0     ; 0              ; 0            ; 0                ; 0                 ;
; Column3_Golden_Generator|Golden1 ; 41    ; 24             ; 0            ; 24             ; 25     ; 24              ; 24            ; 24              ; 0     ; 0              ; 0            ; 0                ; 0                 ;
; Column3_Golden_Generator         ; 71    ; 40             ; 0            ; 40             ; 25     ; 40              ; 40            ; 40              ; 0     ; 0              ; 0            ; 0                ; 0                 ;
; Column2_Golden_Generator|Car4    ; 41    ; 24             ; 0            ; 24             ; 25     ; 24              ; 24            ; 24              ; 0     ; 0              ; 0            ; 0                ; 0                 ;
; Column2_Golden_Generator|Car3    ; 41    ; 24             ; 0            ; 24             ; 25     ; 24              ; 24            ; 24              ; 0     ; 0              ; 0            ; 0                ; 0                 ;
; Column2_Golden_Generator|Car2    ; 41    ; 24             ; 0            ; 24             ; 25     ; 24              ; 24            ; 24              ; 0     ; 0              ; 0            ; 0                ; 0                 ;
; Column2_Golden_Generator|Golden1 ; 41    ; 24             ; 0            ; 24             ; 25     ; 24              ; 24            ; 24              ; 0     ; 0              ; 0            ; 0                ; 0                 ;
; Column2_Golden_Generator         ; 71    ; 40             ; 0            ; 40             ; 25     ; 40              ; 40            ; 40              ; 0     ; 0              ; 0            ; 0                ; 0                 ;
; Column1_Golden_Generator|Car4    ; 41    ; 24             ; 0            ; 24             ; 25     ; 24              ; 24            ; 24              ; 0     ; 0              ; 0            ; 0                ; 0                 ;
; Column1_Golden_Generator|Car3    ; 41    ; 24             ; 0            ; 24             ; 25     ; 24              ; 24            ; 24              ; 0     ; 0              ; 0            ; 0                ; 0                 ;
; Column1_Golden_Generator|Car2    ; 41    ; 24             ; 0            ; 24             ; 25     ; 24              ; 24            ; 24              ; 0     ; 0              ; 0            ; 0                ; 0                 ;
; Column1_Golden_Generator|Golden1 ; 41    ; 24             ; 0            ; 24             ; 25     ; 24              ; 24            ; 24              ; 0     ; 0              ; 0            ; 0                ; 0                 ;
; Column1_Golden_Generator         ; 71    ; 40             ; 0            ; 40             ; 25     ; 40              ; 40            ; 40              ; 0     ; 0              ; 0            ; 0                ; 0                 ;
; Column3_Car_Generator|Car4       ; 41    ; 24             ; 0            ; 24             ; 25     ; 24              ; 24            ; 24              ; 0     ; 0              ; 0            ; 0                ; 0                 ;
; Column3_Car_Generator|Car3       ; 41    ; 24             ; 0            ; 24             ; 25     ; 24              ; 24            ; 24              ; 0     ; 0              ; 0            ; 0                ; 0                 ;
; Column3_Car_Generator|Car2       ; 41    ; 24             ; 0            ; 24             ; 25     ; 24              ; 24            ; 24              ; 0     ; 0              ; 0            ; 0                ; 0                 ;
; Column3_Car_Generator|Car1       ; 41    ; 24             ; 0            ; 24             ; 25     ; 24              ; 24            ; 24              ; 0     ; 0              ; 0            ; 0                ; 0                 ;
; Column3_Car_Generator            ; 71    ; 40             ; 0            ; 40             ; 25     ; 40              ; 40            ; 40              ; 0     ; 0              ; 0            ; 0                ; 0                 ;
; Column2_Car_Generator|Car4       ; 41    ; 24             ; 0            ; 24             ; 25     ; 24              ; 24            ; 24              ; 0     ; 0              ; 0            ; 0                ; 0                 ;
; Column2_Car_Generator|Car3       ; 41    ; 24             ; 0            ; 24             ; 25     ; 24              ; 24            ; 24              ; 0     ; 0              ; 0            ; 0                ; 0                 ;
; Column2_Car_Generator|Car2       ; 41    ; 24             ; 0            ; 24             ; 25     ; 24              ; 24            ; 24              ; 0     ; 0              ; 0            ; 0                ; 0                 ;
; Column2_Car_Generator|Car1       ; 41    ; 24             ; 0            ; 24             ; 25     ; 24              ; 24            ; 24              ; 0     ; 0              ; 0            ; 0                ; 0                 ;
; Column2_Car_Generator            ; 71    ; 40             ; 0            ; 40             ; 25     ; 40              ; 40            ; 40              ; 0     ; 0              ; 0            ; 0                ; 0                 ;
; Column1_Car_Generator|Car4       ; 41    ; 24             ; 0            ; 24             ; 25     ; 24              ; 24            ; 24              ; 0     ; 0              ; 0            ; 0                ; 0                 ;
; Column1_Car_Generator|Car3       ; 41    ; 24             ; 0            ; 24             ; 25     ; 24              ; 24            ; 24              ; 0     ; 0              ; 0            ; 0                ; 0                 ;
; Column1_Car_Generator|Car2       ; 41    ; 24             ; 0            ; 24             ; 25     ; 24              ; 24            ; 24              ; 0     ; 0              ; 0            ; 0                ; 0                 ;
; Column1_Car_Generator|Car1       ; 41    ; 24             ; 0            ; 24             ; 25     ; 24              ; 24            ; 24              ; 0     ; 0              ; 0            ; 0                ; 0                 ;
; Column1_Car_Generator            ; 71    ; 40             ; 0            ; 40             ; 25     ; 40              ; 40            ; 40              ; 0     ; 0              ; 0            ; 0                ; 0                 ;
; u2                               ; 41    ; 0              ; 0            ; 0              ; 25     ; 0               ; 0             ; 0               ; 0     ; 0              ; 0            ; 0                ; 0                 ;
; u1                               ; 2     ; 46             ; 0            ; 46             ; 69     ; 46              ; 46            ; 46              ; 0     ; 0              ; 0            ; 0                ; 0                 ;
; u0|pll_0                         ; 2     ; 1              ; 0            ; 1              ; 2      ; 1               ; 1             ; 1               ; 0     ; 0              ; 0            ; 0                ; 0                 ;
; u0                               ; 2     ; 0              ; 0            ; 0              ; 1      ; 0               ; 0             ; 0               ; 0     ; 0              ; 0            ; 0                ; 0                 ;
+----------------------------------+-------+----------------+--------------+----------------+--------+-----------------+---------------+-----------------+-------+----------------+--------------+------------------+-------------------+
